probe_at: 2026-08-01T01:46:34.127Z
purpose: does round 3's validated WP-movement method work on TODAY's real leaderboard games?

=== RAW SHAPE (first game, full object) ===
{
  "id": "2026-05-25-mlb-baltim-tampa",
  "sport": "MLB",
  "date": "2026-05-25",
  "home": "Baltimore Orioles",
  "away": "Tampa Bay Rays",
  "home_score": 9,
  "away_score": 7,
  "drama_peak": 74,
  "drama_arc": "[52,52,52,52,52,52,52,52,52,52,52,52,52,52,52,52,52,52,52,52,52,52,52,52,52,52,52,52,52,52,52,52,52,52,52,52,52,52,52,52,52,52,52,52,52,52,52,52,52,52,52,52,52,52,52,52,52,52,52,52,52,52,52,52,52,52,52,52,52,52,52,52,52,52,52,52,52,52,52,52,52,52,52,52,52,52,52,52,52,52,52,52,52,52,52,52,52,52,52,52,52,52,52,52,52,52,52,52,52,52,52,52,52,52,52,52,52,52,52,52,52,52,52,52,52,52,52,52,52,52,52,52,52,52,52,52,52,52,52,52,52,52,52,52,52,52,52,52,52,52,52,52,52,52,52,52,52,52,52,52,52,52,52,52,52,52,52,52,52,52,52,52,52,52,52,52,52,52,52,52,52,52,52,52,52,52,52,52,52,52,52,52,52,52,52,52,52,52,52,52,52,52,52,52,52,52,52,52,52,52,52,52,52,52,52,52,52,52,52,52,52,52,52,52,52,52,52,52,52,52,52,52,52,52,52,52,52,52,52,52,52,52,52,52,52,52,52,52,52,52,52,52,52,52,52,52,52,52,52,52,52,52,52,52,52,52,52,52,52,52,52,52,52,52,52,52,52,52,44,52,52,52,52,44,44,44,44,44,44,44,44,44,44,44,44,44,44,44,44,44,44,44,44,44,44,44,44,44,44,44,44,44,44,44,44,44,44,44,44,44,44,44,44,44,44,44,44,44,44,44,44,44,44,44,44,44,44,44,44,44,44,44,44,44,44,44,44,44,44,44,44,44,44,44,44,44,44,44,44,51,51,51,51,51,51,51,51,51,51,51,51,51,51,51,51,51,51,51,51,51,51,51,51,51,51,51,51,51,51,51,51,51,51,51,51,51,51,51,51,51,51,51,51,51,51,51,59,51,51,51,51,59,59,59,59,59,59,59,59,59,59,59,59,59,59,59,59,59,59,59,59,51,51,51,51,51,51,51,51,51,51,51,51,51,51,51,51,51,51,51,51,51,51,51,51,51,51,51,51,51,51,51,59,51,51,51,51,51,59,59,59,59,59,59,59,59,59,59,59,59,59,59,59,59,59,59,59,59,59,59,59,59,59,59,59,59,59,59,59,59,59,59,59,59,59,59,59,59,59,59,68,68,68,68,68,68,68,68,68,68,68,68,68,68,68,68,68,68,68,68,68,68,68,68,68,68,68,68,68,68,68,68,68,68,68,68,68,68,68,68,68,68,68,68,68,68,68,68,68,68,68,68,68,68,68,74,74,74,74,74,74,74,74,74,74,74,74,74,74,74,74,74,74,74,74,74,74,74,74,74,74,74,74,74,74,74,74,74,74,74,74,74,74,74,74,74,74,74,74,74,74,74,74,74,74,74,74,74,74,74,74,74,74,74,74,74,74,74,74,74,74,74,74,51,74,74,74,74,51,51,51,51,51,51,51,51,51,51,51,51,51,51,51,51,51,51,51,51,51,51,51,51,51,51,51,51,51,66,51,51,51,51,66,66,66,74,74,74,74,74,74,74,74,74,74,74,74,74,74,74,74,74,74,74,74,74,74,74,74,74,74,74,74,74,74,74,74,74,74,74,74,74,74,74,74,74,66,74,74,66,66,66,66,66,66,66,66,66,66,66,66,66,66,66,66,66,66,66,66,66,66,74,66,66,66,66,66,66,66,74,74,66,74,74,74,74,74,74,74,74,74,74,74,74,74,74,74,74,74,74,74,74,74,74,74,66,74,74,74,74,66,66,66,66,66,66,66,51,66,51,51,51,51,51,51,51,51,51,51,51,66,66,66,66,66,66,66,66,66,74,66,74,74,74,51,74,74,74,51,51,51]",
  "game_type": "regular"
}

all top-level keys present across all 8 games: id, sport, date, home, away, home_score, away_score, drama_peak, drama_arc, game_type

every game has a real YYYY-MM-DD date field: true

=== WP MOVEMENT vs EXISTING drama_peak, same real games ===
Tampa Bay Rays @ Baltimore Orioles  drama_peak=74  total_wp_movement=7.178  late_wp_movement=5.712
Minnesota Twins @ Chicago White Sox  drama_peak=74  total_wp_movement=4.294  late_wp_movement=3.145
Arizona Diamondbacks @ Seattle Mariners  drama_peak=74  total_wp_movement=3.780  late_wp_movement=1.842
Kansas City Royals @ Cincinnati Reds  drama_peak=74  total_wp_movement=3.297  late_wp_movement=2.052
Athletics @ Chicago Cubs  drama_peak=74  total_wp_movement=3.523  late_wp_movement=1.941
San Francisco Giants @ Chicago Cubs  drama_peak=74  total_wp_movement=4.013  late_wp_movement=2.470
San Francisco Giants @ Chicago Cubs  drama_peak=74  total_wp_movement=4.302  late_wp_movement=2.406
New York Yankees @ Cleveland Guardians  drama_peak=74  total_wp_movement=4.952  late_wp_movement=2.644

=== RESULT ===
games resolved with real Savant WP data: 8 / 8
drama_peak distinct: 1/8
total_wp_movement distinct: 8/8

=== VERDICT ===
CONFIRMED: round 3's method resolves real gamePks and real Savant WP data for the CURRENT
live leaderboard, not just the historical round-3 sample. Safe to build a live UI on this.